0.05217391304347826 7.702754020690918
0.1826086956521739 203.27683901786804
0.30869565217391304 383.5670919418335
0.44782608695652176 565.7329170703888
0.4956521739130435 742.2305171489716
0.5347826086956522 932.6277351379395
0.5826086956521739 1122.8034930229187
0.6043478260869565 1299.8477408885956
0.5347826086956522 1474.2287590503693
0.5826086956521739 1650.701339006424
0.591304347826087 1825.4929821491241
0.6086956521739131 1995.2901520729065
0.6739130434782609 2164.4453320503235
0.6521739130434783 2334.7347230911255
0.6608695652173913 2508.797374010086
0.7521739130434782 2686.580202102661
0.6652173913043479 2862.639237880707
0.6782608695652174 3037.757266998291
0.6869565217391305 3215.420513153076
0.6565217391304348 3394.2364881038666
0.6956521739130435 3571.5985448360443
0.717391304347826 3741.438022851944
0.7130434782608696 3912.4055030345917
0.717391304347826 4083.158527135849
0.7347826086956522 4252.507929086685
0.6782608695652174 4421.393131017685
0.7521739130434782 4592.209870100021
0.7391304347826086 4763.113332986832
0.7347826086956522 4943.108601808548
0.7043478260869566 5122.976645946503
0.7304347826086957 5299.818867921829
0.7391304347826086 5478.9510769844055
0.7304347826086957 5660.365688800812
0.7304347826086957 5844.27018404007
0.6869565217391305 6064.837005138397
0.6956521739130435 6254.143361091614
0.7478260869565218 6427.098883152008
0.7217391304347827 6595.956171035767
0.7434782608695653 6764.924474954605
0.7043478260869566 6932.179332971573
0.7086956521739131 7093.166808128357
0.7086956521739131 7254.124684095383
0.7391304347826086 7414.845957994461
0.7739130434782608 7575.8076848983765
0.7304347826086957 7737.093540906906
0.7260869565217392 7898.0106019973755
0.7652173913043478 8058.988500118256
0.7086956521739131 8220.401798009872
0.7260869565217392 8381.62168097496
0.7304347826086957 8542.712024211884
0.7434782608695653 8704.388659000397
0.7739130434782608 8865.476504087448
0.782608695652174 9026.835187911987
0.7304347826086957 9187.946551084518
0.7869565217391304 9349.233097076416
0.7695652173913043 9510.348227024078
0.7391304347826086 9671.63383102417
0.782608695652174 9832.522905111313
0.7608695652173914 9993.615369081497
0.7260869565217392 10154.7036049366
0.717391304347826 10316.026066064835
0.7434782608695653 10477.104851961136
0.7347826086956522 10638.026908874512
0.7260869565217392 10799.216163158417
0.7478260869565218 10960.249195098877
0.8043478260869565 11121.44739317894
0.7304347826086957 11282.49900007248
0.7130434782608696 11443.957277059555
0.7782608695652173 11605.021495103836
0.6956521739130435 11766.144942998886
0.7391304347826086 11927.649832963943
0.7434782608695653 12088.891544103622
0.7260869565217392 12250.411854982376
0.7608695652173914 12411.4606590271
0.7130434782608696 12572.553906917572
0.7652173913043478 12733.481374025345
0.6782608695652174 12894.794826030731
0.7043478260869566 13056.140532016754
0.7260869565217392 13217.40671801567
0.7521739130434782 13378.30950307846
0.7217391304347827 13539.983456134796
0.7782608695652173 13701.124723911285
0.7217391304347827 13862.527281045914
0.7521739130434782 14023.280279159546
0.7260869565217392 14184.563674926758
0.7347826086956522 14345.776714086533
0.782608695652174 14506.86556816101
0.7434782608695653 14668.123320102692
0.7260869565217392 14829.650407075882
0.7434782608695653 15000.782712221146
0.7086956521739131 15168.9694647789
0.6956521739130435 15330.316377878189
0.717391304347826 15491.408888101578
0.782608695652174 15652.851187944412
0.7608695652173914 15814.811439990997
0.7608695652173914 15976.171039104462
0.7956521739130434 16137.338165998459
0.7695652173913043 16298.749706029892
0.7478260869565218 16459.986869096756
0.7391304347826086 16621.463187932968
0.7304347826086957 16784.242588043213
0.7782608695652173 16947.06120610237
0.7434782608695653 17109.080358982086
0.7391304347826086 17270.594841957092
0.782608695652174 17431.556067228317
0.7695652173913043 17593.374627113342
0.7608695652173914 17761.11147904396
0.7347826086956522 17922.750931978226
0.7434782608695653 18082.579932928085
0.7565217391304347 18240.209498882294
0.7391304347826086 18397.139971017838
0.7739130434782608 18554.275632858276
0.6869565217391305 18711.1052942276
0.7608695652173914 18868.13994908333
0.7608695652173914 19025.12739109993
0.7391304347826086 19182.295177936554
0.7521739130434782 19339.447791814804
0.808695652173913 19498.951353788376
0.8130434782608695 19655.777256011963
0.808695652173913 19812.85778784752
0.8347826086956521 19969.704068899155
0.8956521739130435 20127.565340042114
0.7739130434782608 20284.91818714142
0.8652173913043478 20442.367306947708
0.8652173913043478 20599.55739092827
0.7608695652173914 20756.997804164886
0.8434782608695652 20914.08069396019
0.8565217391304348 21071.466516017914
0.808695652173913 21228.63682103157
0.8217391304347826 21385.925662994385
0.8478260869565217 21543.330924987793
0.8391304347826087 21700.866778850555
0.808695652173913 21858.051577806473
0.8521739130434782 22015.11634993553
0.8260869565217391 22175.44086098671
0.8478260869565217 22332.33011507988
0.8652173913043478 22489.241527080536
0.8565217391304348 22646.52951312065
0.8652173913043478 22805.410218000412
0.808695652173913 22962.00124692917
0.8434782608695652 23122.13876605034
0.8217391304347826 23279.06723999977
0.8130434782608695 23437.645784139633
0.8565217391304348 23595.585885047913
0.8652173913043478 23753.1169090271
0.808695652173913 23911.376610040665
0.8608695652173913 24071.65070104599
0.8608695652173913 24231.51508784294
0.8347826086956521 24389.987512111664
0.8478260869565217 24546.64654493332
0.8173913043478261 24703.31468296051
0.8347826086956521 24860.24138188362
0.8739130434782608 25017.07243704796
0.8173913043478261 25173.884452819824
0.8304347826086956 25330.689280986786
0.8260869565217391 25488.210604190826
0.8913043478260869 25648.286914110184
0.8434782608695652 25805.190157175064
0.8565217391304348 25961.863407850266
0.8608695652173913 26118.520056962967
0.8565217391304348 26275.144229888916
0.8478260869565217 26432.238940000534
0.8217391304347826 26589.057127952576
0.8260869565217391 26745.789463996887
0.8173913043478261 26902.49544095993
0.8739130434782608 27060.22678208351
0.8217391304347826 27223.14451789856
0.8434782608695652 27384.513180971146
0.8130434782608695 27541.62549519539
0.8347826086956521 27698.4386241436
0.8173913043478261 27854.855197906494
0.8173913043478261 28011.607681035995
0.8608695652173913 28168.351335048676
0.8434782608695652 28325.081826210022
0.8565217391304348 28481.622435092926
0.10869565217391304 6.309632778167725
0.008695652173913044 6.182487726211548
0.29130434782608694 156.15592241287231
0.4608695652173913 317.1217792034149
0.43043478260869567 497.07325506210327